1.184335613250732421875000000000e+01 -1.204479217529296875000000000000e+01
5.508223176002502441406250000000e-01 -1.700696200132369995117187500000e-01
-5.297335147857666015625000000000e+00 5.048276424407958984375000000000e+00
4.301283836364746093750000000000e+00 -4.522711753845214843750000000000e+00
1.923485040664672851562500000000e+00 -1.689785957336425781250000000000e+00
2.006515741348266601562500000000e+00 -2.283026695251464843750000000000e+00
4.745902061462402343750000000000e+00 -4.598258018493652343750000000000e+00
-1.895182281732559204101562500000e-01 -1.264286413788795471191406250000e-02
-8.059399127960205078125000000000e-01 4.572530984878540039062500000000e-01
-6.230911016464233398437500000000e-01 9.226113557815551757812500000000e-01
-1.449098944664001464843750000000e+00 1.475679993629455566406250000000e+00
1.804783582687377929687500000000e+00 -1.532074809074401855468750000000e+00
-7.005736231803894042968750000000e-01 5.463328361511230468750000000000e-01
8.629845976829528808593750000000e-01 -7.758527994155883789062500000000e-01
1.630006730556488037109375000000e-02 -2.075377851724624633789062500000e-01
-4.429415702819824218750000000000e+00 4.109950542449951171875000000000e+00
-8.509420752525329589843750000000e-01 1.219068408012390136718750000000e+00
7.885038375854492187500000000000e+00 -7.807368755340576171875000000000e+00
1.131900548934936523437500000000e-01 -4.373249411582946777343750000000e-02
1.318803071975708007812500000000e+00 -1.163780570030212402343750000000e+00
4.433441162109375000000000000000e-01 -3.673857748508453369140625000000e-01
-6.767392158508300781250000000000e-01 5.548617839813232421875000000000e-01
-3.907340526580810546875000000000e+00 3.731543540954589843750000000000e+00
1.092509865760803222656250000000e+00 -9.500091671943664550781250000000e-01
-5.404903888702392578125000000000e-01 7.848698496818542480468750000000e-01
-8.629411458969116210937500000000e-03 7.343441247940063476562500000000e-02
1.143859386444091796875000000000e+00 -1.100145816802978515625000000000e+00
-1.643089503049850463867187500000e-01 1.798112988471984863281250000000e-01
-3.807751417160034179687500000000e+00 3.830337524414062500000000000000e+00
1.792383909225463867187500000000e+00 -1.768151640892028808593750000000e+00
-8.025067448616027832031250000000e-01 6.644658446311950683593750000000e-01
-5.523321032524108886718750000000e-01 6.567273139953613281250000000000e-01
-4.746323227882385253906250000000e-01 4.637048840522766113281250000000e-01
2.750831365585327148437500000000e+00 -3.084606885910034179687500000000e+00
-9.769944548606872558593750000000e-01 1.341676473617553710937500000000e+00
1.159323528409004211425781250000e-01 4.632862750440835952758789062500e-03
1.710249781608581542968750000000e+00 -1.624475479125976562500000000000e+00
5.588940620422363281250000000000e+00 -5.372990131378173828125000000000e+00
1.334992170333862304687500000000e+00 -1.615646362304687500000000000000e+00
-8.289067745208740234375000000000e-01 9.749626517295837402343750000000e-01
4.741053581237792968750000000000e+00 -4.867197036743164062500000000000e+00
-2.639111578464508056640625000000e-01 4.223662316799163818359375000000e-01
-5.218466520309448242187500000000e-01 7.818013429641723632812500000000e-01
6.218291521072387695312500000000e-01 -8.556354045867919921875000000000e-01
6.178269863128662109375000000000e+00 -5.836306571960449218750000000000e+00
1.093490719795227050781250000000e+00 -1.295525193214416503906250000000e+00
3.037772417068481445312500000000e+00 -3.153267145156860351562500000000e+00
-7.469058036804199218750000000000e-02 2.261445391923189163208007812500e-03
-6.811982393264770507812500000000e-01 4.496993124485015869140625000000e-01
6.011499166488647460937500000000e-01 -8.051304221153259277343750000000e-01
-4.957191050052642822265625000000e-01 1.793272197246551513671875000000e-01
8.809586763381958007812500000000e-01 -8.323945403099060058593750000000e-01
-5.276166200637817382812500000000e-01 3.811030089855194091796875000000e-01
6.914567947387695312500000000000e+00 -7.267759323120117187500000000000e+00
-1.892790794372558593750000000000e-01 2.200114727020263671875000000000e-01
3.052449226379394531250000000000e+00 -2.677541732788085937500000000000e+00
-6.320577263832092285156250000000e-01 5.638075470924377441406250000000e-01
-7.240369319915771484375000000000e-01 9.134507179260253906250000000000e-01
-8.272222429513931274414062500000e-02 -6.844612956047058105468750000000e-02
-3.049624338746070861816406250000e-02 -1.766886115074157714843750000000e-01
1.604297041893005371093750000000e+00 -1.864834904670715332031250000000e+00
2.006130106747150421142578125000e-02 1.268314421176910400390625000000e-01
4.768342152237892150878906250000e-02 -4.478810355067253112792968750000e-03
9.097793102264404296875000000000e-01 -6.987981796264648437500000000000e-01
2.395997762680053710937500000000e+00 -2.625434398651123046875000000000e+00
3.817602396011352539062500000000e-01 -2.065513432025909423828125000000e-01
2.459982633590698242187500000000e+00 -2.546437263488769531250000000000e+00
-5.962673425674438476562500000000e-01 6.791098117828369140625000000000e-01
-6.810479164123535156250000000000e-01 8.001947402954101562500000000000e-01
-8.430385589599609375000000000000e-01 5.527157783508300781250000000000e-01
9.491146206855773925781250000000e-01 -8.826817274093627929687500000000e-01
1.243797302246093750000000000000e+01 -1.243854141235351562500000000000e+01
1.636612296104431152343750000000e+00 -1.563428401947021484375000000000e+00
-1.268405914306640625000000000000e+00 1.289744257926940917968750000000e+00
-8.128707408905029296875000000000e-01 4.829508364200592041015625000000e-01
7.727937102317810058593750000000e-01 -5.695214867591857910156250000000e-01
6.413077712059020996093750000000e-01 -5.309302210807800292968750000000e-01
6.012328267097473144531250000000e-01 -5.750191807746887207031250000000e-01
2.442023277282714843750000000000e+00 -2.089243412017822265625000000000e+00
-6.011633872985839843750000000000e-01 9.137350320816040039062500000000e-01
2.218997031450271606445312500000e-01 1.997687369585037231445312500000e-01
2.635512650012969970703125000000e-01 -3.719019293785095214843750000000e-01
-7.617562413215637207031250000000e-01 7.321174144744873046875000000000e-01
3.464509248733520507812500000000e-01 -7.075239419937133789062500000000e-01
-1.339879035949707031250000000000e+00 1.398927211761474609375000000000e+00
6.939619183540344238281250000000e-01 -8.739109635353088378906250000000e-01
-1.082920748740434646606445312500e-02 -2.214946784079074859619140625000e-02
7.663427352905273437500000000000e+00 -7.208035945892333984375000000000e+00
2.253756999969482421875000000000e+00 -2.086645841598510742187500000000e+00
4.724372625350952148437500000000e-01 -6.623173952102661132812500000000e-01
-6.748239696025848388671875000000e-02 -1.169123575091361999511718750000e-01
2.083601474761962890625000000000e+00 -1.821577787399291992187500000000e+00
-8.206953406333923339843750000000e-01 7.616651654243469238281250000000e-01
9.148112684488296508789062500000e-02 3.612613677978515625000000000000e-02
4.919911026954650878906250000000e-01 -7.598719596862792968750000000000e-01
-1.175835371017456054687500000000e+00 8.712733387947082519531250000000e-01
5.723761320114135742187500000000e-01 -4.807834625244140625000000000000e-01
-3.776299953460693359375000000000e-01 5.896143317222595214843750000000e-01
-9.917162060737609863281250000000e-01 7.548852562904357910156250000000e-01
1.958027295768260955810546875000e-02 1.774829924106597900390625000000e-01
-1.855853386223316192626953125000e-02 -5.015765782445669174194335937500e-03
-4.966644048690795898437500000000e-01 8.030517697334289550781250000000e-01
-1.557883143424987792968750000000e+00 1.507915019989013671875000000000e+00
-4.238455772399902343750000000000e+00 4.251468181610107421875000000000e+00
1.326405167579650878906250000000e+00 -1.318076610565185546875000000000e+00
1.393604397773742675781250000000e+00 -1.451781868934631347656250000000e+00
-1.123672723770141601562500000000e+00 1.281334400177001953125000000000e+00
-1.739504039287567138671875000000e-01 -2.390894293785095214843750000000e-01
