-1.653061062097549438476562500000e-01
4.567869380116462707519531250000e-02
3.067003786563873291015625000000e-01
-6.423841118812561035156250000000e-01
-7.826706767082214355468750000000e-01
2.146396189928054809570312500000e-01
-3.589715436100959777832031250000e-02
-1.055352017283439636230468750000e-02
7.186643481254577636718750000000e-01
-1.678027153015136718750000000000e+00
1.838541865348815917968750000000e+00
-6.788851022720336914062500000000e-01
1.638617157936096191406250000000e+00
2.310009717941284179687500000000e+00
0.000000000000000000000000000000e+00
-3.783969581127166748046875000000e-01
8.862834572792053222656250000000e-01
7.138141989707946777343750000000e-01
0.000000000000000000000000000000e+00
-1.036603897809982299804687500000e-01
-5.796649456024169921875000000000e-01
9.242278337478637695312500000000e-01
-1.123440980911254882812500000000e+00
-1.802515238523483276367187500000e-01
4.561718404293060302734375000000e-01
0.000000000000000000000000000000e+00
-4.699889123439788818359375000000e-01
-1.070732027292251586914062500000e-01
-2.025545835494995117187500000000e+00
7.733736038208007812500000000000e-01
5.636743307113647460937500000000e-01
7.190853357315063476562500000000e-01
1.545711886137723922729492187500e-02
3.708477914333343505859375000000e-01
-9.216847419738769531250000000000e-01
1.774228066205978393554687500000e-01
1.297434210777282714843750000000e+00
3.278004527091979980468750000000e-01
-1.508606433868408203125000000000e+00
1.139626979827880859375000000000e+00
6.624557971954345703125000000000e-01
1.993306446820497512817382812500e-03
1.435349225997924804687500000000e+00
-1.051224470138549804687500000000e+00
-1.804829686880111694335937500000e-01
-8.451775908470153808593750000000e-01
-1.999061852693557739257812500000e-01
-4.688311833888292312622070312500e-03
2.951088190078735351562500000000e+00
1.394524276256561279296875000000e-01
8.079183101654052734375000000000e-01
1.623391151428222656250000000000e+00
-7.273662090301513671875000000000e-01
1.898839324712753295898437500000e-01
0.000000000000000000000000000000e+00
-6.024689078330993652343750000000e-01
9.151846915483474731445312500000e-02
-4.134075641632080078125000000000e-01
1.969451457262039184570312500000e-01
-8.861898444592952728271484375000e-03
-5.674986839294433593750000000000e-01
-1.354516297578811645507812500000e-02
-1.929612271487712860107421875000e-02
-9.988108873367309570312500000000e-01
-4.783637821674346923828125000000e-02
4.701789617538452148437500000000e-01
9.480130672454833984375000000000e-01
-7.955001592636108398437500000000e-01
8.474890589714050292968750000000e-01
-6.132727488875389099121093750000e-02
6.879439353942871093750000000000e-01
-6.929276883602142333984375000000e-02
3.988775908946990966796875000000e-01
-1.293254613876342773437500000000e+00
1.032030582427978515625000000000e+00
-8.469566702842712402343750000000e-01
2.112155675888061523437500000000e+00
-6.501489877700805664062500000000e-01
-3.772669553756713867187500000000e+00
1.025272160768508911132812500000e-01
-8.299881592392921447753906250000e-03
-1.065440893173217773437500000000e+00
1.995825320482254028320312500000e-01
9.672086834907531738281250000000e-01
-1.440389156341552734375000000000e+00
1.084238767623901367187500000000e+00
1.094731390476226806640625000000e-01
3.956146538257598876953125000000e-01
-2.344979286193847656250000000000e+00
-4.223288595676422119140625000000e-01
-2.051823139190673828125000000000e-01
1.432866156101226806640625000000e-01
1.169784188270568847656250000000e+00
-7.841788977384567260742187500000e-02
7.754105329513549804687500000000e-01
1.636496782302856445312500000000e+00
-6.679173111915588378906250000000e-01
3.866550922393798828125000000000e-01
-1.195925593376159667968750000000e+00
-3.029742278158664703369140625000e-02
-3.831597566604614257812500000000e-01
-3.393427431583404541015625000000e-01
1.031924113631248474121093750000e-01
1.317911148071289062500000000000e+00
-7.624139785766601562500000000000e-01
6.631456315517425537109375000000e-02
-4.022310376167297363281250000000e-01
-2.326216846704483032226562500000e-01
