-8.647625148296356201171875000000e-02
-9.119153954088687896728515625000e-03
0.000000000000000000000000000000e+00
3.797806799411773681640625000000e-02
0.000000000000000000000000000000e+00
0.000000000000000000000000000000e+00
0.000000000000000000000000000000e+00
2.061548680067062377929687500000e-01
3.935497254133224487304687500000e-03
-4.816381633281707763671875000000e-02
2.878017425537109375000000000000e-01
-7.513241469860076904296875000000e-02
0.000000000000000000000000000000e+00
1.423768792301416397094726562500e-02
-5.089394003152847290039062500000e-02
3.468148410320281982421875000000e-02
0.000000000000000000000000000000e+00
0.000000000000000000000000000000e+00
0.000000000000000000000000000000e+00
-1.383397579193115234375000000000e-01
0.000000000000000000000000000000e+00
-4.225052520632743835449218750000e-02
0.000000000000000000000000000000e+00
-7.613992784172296524047851562500e-03
0.000000000000000000000000000000e+00
0.000000000000000000000000000000e+00
-6.159685552120208740234375000000e-02
0.000000000000000000000000000000e+00
0.000000000000000000000000000000e+00
1.604121923446655273437500000000e-02
4.355554003268480300903320312500e-03
-9.279620833694934844970703125000e-03
-5.906633660197257995605468750000e-02
-2.122704833745956420898437500000e-01
-1.410774588584899902343750000000e-01
0.000000000000000000000000000000e+00
-4.690430127084255218505859375000e-03
1.380169093608856201171875000000e-01
-4.082720354199409484863281250000e-02
3.038938939571380615234375000000e-01
0.000000000000000000000000000000e+00
-4.220937937498092651367187500000e-02
0.000000000000000000000000000000e+00
3.088926896452903747558593750000e-02
0.000000000000000000000000000000e+00
-4.112878814339637756347656250000e-02
-1.150432974100112915039062500000e-01
-5.288052931427955627441406250000e-02
0.000000000000000000000000000000e+00
-1.068244278430938720703125000000e-01
-9.487108141183853149414062500000e-02
-4.964607581496238708496093750000e-02
2.903982102870941162109375000000e-01
-4.963004216551780700683593750000e-02
0.000000000000000000000000000000e+00
3.215461671352386474609375000000e-01
3.121254034340381622314453125000e-03
3.389232456684112548828125000000e-01
-8.167728781700134277343750000000e-02
-7.893079891800880432128906250000e-03
-5.038628354668617248535156250000e-02
-1.065134163945913314819335937500e-02
-1.197790354490280151367187500000e-01
0.000000000000000000000000000000e+00
0.000000000000000000000000000000e+00
0.000000000000000000000000000000e+00
6.889469176530838012695312500000e-02
8.992696180939674377441406250000e-03
1.223699003458023071289062500000e-02
-2.735758423805236816406250000000e-01
2.110374271869659423828125000000e-01
0.000000000000000000000000000000e+00
-2.447841130197048187255859375000e-02
2.430083155632019042968750000000e-01
0.000000000000000000000000000000e+00
1.149166561663150787353515625000e-02
-3.692004829645156860351562500000e-03
1.036026049405336380004882812500e-02
2.115463763475418090820312500000e-01
0.000000000000000000000000000000e+00
0.000000000000000000000000000000e+00
0.000000000000000000000000000000e+00
-3.214425966143608093261718750000e-02
0.000000000000000000000000000000e+00
-6.588897202163934707641601562500e-03
-8.004409819841384887695312500000e-02
3.754611611366271972656250000000e-01
0.000000000000000000000000000000e+00
0.000000000000000000000000000000e+00
2.479678988456726074218750000000e-01
0.000000000000000000000000000000e+00
0.000000000000000000000000000000e+00
-1.001170556992292404174804687500e-02
3.659856040030717849731445312500e-03
0.000000000000000000000000000000e+00
-4.765528067946434020996093750000e-02
-5.723720416426658630371093750000e-02
1.984554529190063476562500000000e-01
1.123429182916879653930664062500e-02
3.293772414326667785644531250000e-02
6.834982335567474365234375000000e-02
-1.737868413329124450683593750000e-02
-3.691856190562248229980468750000e-02
2.196944653987884521484375000000e-01
-1.673362683504819869995117187500e-03
0.000000000000000000000000000000e+00
-5.949196591973304748535156250000e-02
0.000000000000000000000000000000e+00
2.755228895694017410278320312500e-03
-3.121787905693054199218750000000e-01
0.000000000000000000000000000000e+00
-2.320568412542343139648437500000e-01
3.682247400283813476562500000000e-01
-6.018758937716484069824218750000e-02
-7.891642861068248748779296875000e-03
0.000000000000000000000000000000e+00
-1.789277605712413787841796875000e-02
-1.047937050461769104003906250000e-01
-1.218267232179641723632812500000e-01
0.000000000000000000000000000000e+00
0.000000000000000000000000000000e+00
1.663340814411640167236328125000e-02
-6.823441071901470422744750976562e-05
-4.865196347236633300781250000000e-02
-4.628246650099754333496093750000e-02
-2.224688790738582611083984375000e-02
0.000000000000000000000000000000e+00
2.311154305934906005859375000000e-01
0.000000000000000000000000000000e+00
-5.364442616701126098632812500000e-02
2.454848587512969970703125000000e-01
0.000000000000000000000000000000e+00
0.000000000000000000000000000000e+00
0.000000000000000000000000000000e+00
0.000000000000000000000000000000e+00
0.000000000000000000000000000000e+00
-4.798233509063720703125000000000e-02
0.000000000000000000000000000000e+00
0.000000000000000000000000000000e+00
-6.266962736845016479492187500000e-02
-8.487372659146785736083984375000e-03
0.000000000000000000000000000000e+00
-5.777890607714653015136718750000e-02
3.451210260391235351562500000000e-01
-5.409509874880313873291015625000e-03
0.000000000000000000000000000000e+00
-1.053284928202629089355468750000e-01
0.000000000000000000000000000000e+00
-2.628769259899854660034179687500e-03
-3.317617997527122497558593750000e-02
-5.660538002848625183105468750000e-02
0.000000000000000000000000000000e+00
0.000000000000000000000000000000e+00
-2.985544800758361816406250000000e-01
0.000000000000000000000000000000e+00
0.000000000000000000000000000000e+00
-2.715021371841430664062500000000e-01
-3.173427656292915344238281250000e-02
-7.986198365688323974609375000000e-02
-6.387505680322647094726562500000e-03
0.000000000000000000000000000000e+00
0.000000000000000000000000000000e+00
3.110381066799163818359375000000e-01
-8.817809075117111206054687500000e-02
-5.160511285066604614257812500000e-02
0.000000000000000000000000000000e+00
0.000000000000000000000000000000e+00
-6.925630150362849235534667968750e-04
-2.317383736371994018554687500000e-01
0.000000000000000000000000000000e+00
-6.533163040876388549804687500000e-02
3.345429524779319763183593750000e-02
-8.904393762350082397460937500000e-02
0.000000000000000000000000000000e+00
-1.081989648810122162103652954102e-05
-2.126390039920806884765625000000e-01
0.000000000000000000000000000000e+00
-6.146182119846343994140625000000e-02
3.181883320212364196777343750000e-02
0.000000000000000000000000000000e+00
-7.293751463294029235839843750000e-03
0.000000000000000000000000000000e+00
-5.179778113961219787597656250000e-02
-1.515913195908069610595703125000e-02
-6.644992390647530555725097656250e-04
-5.702880024909973144531250000000e-02
-3.963031806051731109619140625000e-03
7.130298763513565063476562500000e-02
3.246213495731353759765625000000e-01
-6.312475539743900299072265625000e-03
0.000000000000000000000000000000e+00
0.000000000000000000000000000000e+00
2.282679975032806396484375000000e-01
-8.291145414113998413085937500000e-02
3.151065111160278320312500000000e-01
-9.783026576042175292968750000000e-02
-1.489046514034271240234375000000e-01
2.082740366458892822265625000000e-01
-3.582220524549484252929687500000e-02
-9.303995221853256225585937500000e-02
5.455512925982475280761718750000e-02
5.221779458224773406982421875000e-03
3.976928815245628356933593750000e-02
-2.446925733238458633422851562500e-03
0.000000000000000000000000000000e+00
0.000000000000000000000000000000e+00
-4.561947286128997802734375000000e-02
-3.627198748290538787841796875000e-03
3.261130303144454956054687500000e-02
0.000000000000000000000000000000e+00
-5.169477313756942749023437500000e-02
-2.359505593776702880859375000000e-01
0.000000000000000000000000000000e+00
0.000000000000000000000000000000e+00
0.000000000000000000000000000000e+00
1.985200308263301849365234375000e-02
0.000000000000000000000000000000e+00
-3.349230810999870300292968750000e-02
-4.833784699440002441406250000000e-02
2.329186052083969116210937500000e-01
-6.754624657332897186279296875000e-03
2.294794917106628417968750000000e-01
1.873868554830551147460937500000e-01
0.000000000000000000000000000000e+00
-9.234371036291122436523437500000e-02
1.840329468250274658203125000000e-01
1.926833530887961387634277343750e-03
-2.958242893218994140625000000000e-01
-2.738837301731109619140625000000e-01
0.000000000000000000000000000000e+00
0.000000000000000000000000000000e+00
-1.669312827289104461669921875000e-03
0.000000000000000000000000000000e+00
0.000000000000000000000000000000e+00
2.903548181056976318359375000000e-01
0.000000000000000000000000000000e+00
-1.569985039532184600830078125000e-02
-3.376644849777221679687500000000e-02
2.220212519168853759765625000000e-01
2.141403220593929290771484375000e-02
0.000000000000000000000000000000e+00
-3.492528572678565979003906250000e-03
2.281117588281631469726562500000e-01
0.000000000000000000000000000000e+00
-8.753878995776176452636718750000e-03
-2.342510074377059936523437500000e-01
0.000000000000000000000000000000e+00
-6.686551030725240707397460937500e-03
2.548498511314392089843750000000e-01
-1.000100001692771911621093750000e-02
0.000000000000000000000000000000e+00
0.000000000000000000000000000000e+00
0.000000000000000000000000000000e+00
0.000000000000000000000000000000e+00
0.000000000000000000000000000000e+00
0.000000000000000000000000000000e+00
