4.208230972290039062500000000000e-02 6.576092541217803955078125000000e-02
3.124368563294410705566406250000e-02 1.171503290534019470214843750000e-01
-1.088501289486885070800781250000e-01 -8.726885169744491577148437500000e-02
1.121436357498168945312500000000e-01 -6.512346118688583374023437500000e-02
-1.443639397621154785156250000000e-02 -1.036372333765029907226562500000e-01
6.738308072090148925781250000000e-02 5.283510684967041015625000000000e-02
-3.496865183115005493164062500000e-02 -1.113501787185668945312500000000e-01
6.303865313529968261718750000000e-01 -7.994983792304992675781250000000e-01
-2.129491791129112243652343750000e-02 -5.045457929372787475585937500000e-02
-8.156700432300567626953125000000e-02 -6.477952003479003906250000000000e-02
6.210137009620666503906250000000e-01 -5.201563835144042968750000000000e-01
-3.863199353218078613281250000000e-01 2.076049894094467163085937500000e-01
4.208302497863769531250000000000e-02 -1.162318140268325805664062500000e-01
-2.427798882126808166503906250000e-02 -6.939049065113067626953125000000e-02
1.076867058873176574707031250000e-01 8.673680573701858520507812500000e-02
1.205143034458160400390625000000e-01 -1.450580209493637084960937500000e-01
-1.386924535036087036132812500000e-01 -1.453412622213363647460937500000e-01
-1.392581909894943237304687500000e-01 -3.380674868822097778320312500000e-02
-8.016629517078399658203125000000e-02 -1.072762459516525268554687500000e-01
-4.005918204784393310546875000000e-01 3.343473672866821289062500000000e-01
-6.325268745422363281250000000000e-02 9.398877620697021484375000000000e-02
-3.940429911017417907714843750000e-02 -3.750130534172058105468750000000e-02
9.450048208236694335937500000000e-03 -6.499218940734863281250000000000e-02
8.539976924657821655273437500000e-02 -9.106969088315963745117187500000e-02
-5.950176715850830078125000000000e-02 1.256276369094848632812500000000e-01
-2.537517249584197998046875000000e-02 1.007253825664520263671875000000e-01
2.944160997867584228515625000000e-02 1.276653409004211425781250000000e-01
7.870748639106750488281250000000e-02 8.221919834613800048828125000000e-02
-6.308779120445251464843750000000e-03 -8.662182092666625976562500000000e-02
-6.268934160470962524414062500000e-02 -1.328371614217758178710937500000e-01
2.910832166671752929687500000000e-01 -2.895944714546203613281250000000e-01
1.132196784019470214843750000000e-01 3.826394677162170410156250000000e-02
3.108901903033256530761718750000e-02 3.006264008581638336181640625000e-02
-1.196491479873657226562500000000e+00 1.024705648422241210937500000000e+00
-1.362876743078231811523437500000e-01 1.890475116670131683349609375000e-02
1.002419292926788330078125000000e-01 1.291258931159973144531250000000e-01
-1.385540962219238281250000000000e-01 -9.129063785076141357421875000000e-02
5.677901506423950195312500000000e-01 -5.731574892997741699218750000000e-01
4.733505472540855407714843750000e-02 7.984261214733123779296875000000e-02
1.227705478668212890625000000000e+00 -9.978176355361938476562500000000e-01
-1.396774351596832275390625000000e-01 -5.717641860246658325195312500000e-02
-3.057254664599895477294921875000e-02 -1.613422669470310211181640625000e-02
6.914386153221130371093750000000e-02 6.053125858306884765625000000000e-02
-2.448274753987789154052734375000e-02 -4.321164637804031372070312500000e-02
-1.156708374619483947753906250000e-01 -1.205587238073348999023437500000e-01
-3.440660610795021057128906250000e-02 3.810939844697713851928710937500e-03
1.284996699541807174682617187500e-02 -2.756965160369873046875000000000e-02
2.974648727104067802429199218750e-03 4.411350563168525695800781250000e-02
4.276445508003234863281250000000e-02 4.198250174522399902343750000000e-02
1.406513154506683349609375000000e-01 1.282022446393966674804687500000e-01
9.977930225431919097900390625000e-03 -3.679719939827919006347656250000e-02
5.039894953370094299316406250000e-02 9.362533688545227050781250000000e-02
5.408931970596313476562500000000e-01 -4.848215579986572265625000000000e-01
-2.401425316929817199707031250000e-02 1.532941311597824096679687500000e-01
-1.496437042951583862304687500000e-01 1.360348761081695556640625000000e-01
3.511746227741241455078125000000e-01 -2.743464410305023193359375000000e-01
1.285302489995956420898437500000e-01 3.620543982833623886108398437500e-03
5.402312278747558593750000000000e-01 -8.221890330314636230468750000000e-01
8.401974290609359741210937500000e-02 1.513833552598953247070312500000e-01
1.184043753892183303833007812500e-02 1.445397734642028808593750000000e-01
-2.805426716804504394531250000000e-02 -1.498832274228334426879882812500e-02
4.857527464628219604492187500000e-02 5.008560046553611755371093750000e-02
-1.856062561273574829101562500000e-02 1.530510336160659790039062500000e-01
-1.144514083862304687500000000000e-01 4.976719617843627929687500000000e-03
6.096759438514709472656250000000e-02 -1.464437991380691528320312500000e-01
-4.141006618738174438476562500000e-02 -8.865200728178024291992187500000e-02
-7.045920193195343017578125000000e-02 -5.820301920175552368164062500000e-02
-2.547688037157058715820312500000e-02 -1.415729336440563201904296875000e-02
3.259323909878730773925781250000e-02 -2.663984000682830810546875000000e-01
-4.737941622734069824218750000000e-01 3.238812088966369628906250000000e-01
8.171451091766357421875000000000e-02 1.138695776462554931640625000000e-01
6.887665390968322753906250000000e-02 6.745241582393646240234375000000e-02
1.389006525278091430664062500000e-01 3.126839920878410339355468750000e-02
1.019089102745056152343750000000e+00 -1.000023484230041503906250000000e+00
-6.128877401351928710937500000000e-03 1.037772893905639648437500000000e-01
1.193454489111900329589843750000e-01 -2.229359149932861328125000000000e-01
1.411831825971603393554687500000e-01 7.956094108521938323974609375000e-03
1.271432787179946899414062500000e-01 -8.212251961231231689453125000000e-02
-5.838625133037567138671875000000e-02 -7.125903666019439697265625000000e-02
1.079302728176116943359375000000e-01 6.747496128082275390625000000000e-02
-8.007980138063430786132812500000e-02 -9.911223500967025756835937500000e-02
-1.466812193393707275390625000000e-01 1.352060735225677490234375000000e-01
9.259556978940963745117187500000e-02 9.167693555355072021484375000000e-02
7.382766902446746826171875000000e-02 6.187361478805541992187500000000e-02
1.429294645786285400390625000000e-01 1.313386857509613037109375000000e-01
-1.119390130043029785156250000000e-01 5.554978176951408386230468750000e-02
7.188448905944824218750000000000e-01 -6.707308888435363769531250000000e-01
-1.149873286485671997070312500000e-01 -2.054436504840850830078125000000e-02
-2.941744029521942138671875000000e-02 -5.842620879411697387695312500000e-02
6.054193973541259765625000000000e-01 -7.011680006980895996093750000000e-01
-9.428411722183227539062500000000e-04 -8.964910358190536499023437500000e-02
-1.051955968141555786132812500000e-01 -2.132633328437805175781250000000e-02
5.049601662904024124145507812500e-03 -7.733285892754793167114257812500e-03
6.763201206922531127929687500000e-02 -1.244544014334678649902343750000e-01
-1.030193194746971130371093750000e-01 -9.863430261611938476562500000000e-02
3.255849936977028846740722656250e-03 7.563764601945877075195312500000e-02
-1.045667827129364013671875000000e-01 -8.461278676986694335937500000000e-02
3.895745575428009033203125000000e-01 -3.887539505958557128906250000000e-01
9.937442094087600708007812500000e-02 -3.119563162326812744140625000000e-01
-5.362988635897636413574218750000e-02 -3.323065117001533508300781250000e-02
2.150458469986915588378906250000e-02 1.742906682193279266357421875000e-02
4.333905875682830810546875000000e-03 -8.851952850818634033203125000000e-02
5.362981557846069335937500000000e-02 5.513876304030418395996093750000e-02
1.208396077156066894531250000000e+00 -1.121310830116271972656250000000e+00
-8.074645698070526123046875000000e-02 5.063251033425331115722656250000e-02
-1.474396139383316040039062500000e-01 3.295686841011047363281250000000e-02
-1.870000362396240234375000000000e-02 1.109124068170785903930664062500e-02
-7.694718986749649047851562500000e-02 -1.403155326843261718750000000000e-01
4.970415309071540832519531250000e-02 -4.040898755192756652832031250000e-02
-9.799132347106933593750000000000e-01 1.019116282463073730468750000000e+00
1.405767798423767089843750000000e-01 5.859713256359100341796875000000e-02
-1.167508006095886230468750000000e+00 1.430238008499145507812500000000e+00
4.740692675113677978515625000000e-01 -4.372220337390899658203125000000e-01
-2.338965795934200286865234375000e-02 -1.797480322420597076416015625000e-02
3.554565832018852233886718750000e-02 -3.443521261215209960937500000000e-02
-1.032197251915931701660156250000e-01 1.469648182392120361328125000000e-01
1.550730913877487182617187500000e-01 -3.730839584022760391235351562500e-03
8.101350069046020507812500000000e-02 9.939870983362197875976562500000e-02
-5.048326402902603149414062500000e-02 -5.697584152221679687500000000000e-02
-7.805252075195312500000000000000e-02 1.264176070690155029296875000000e-01
-4.610842466354370117187500000000e-02 -3.202266991138458251953125000000e-02
1.139310836791992187500000000000e+00 -1.203927636146545410156250000000e+00
-6.475491821765899658203125000000e-02 -1.449048668146133422851562500000e-01
7.388724386692047119140625000000e-02 9.143245220184326171875000000000e-02
-9.321696311235427856445312500000e-02 9.461276233196258544921875000000e-02
-2.180933207273483276367187500000e-02 -1.320337224751710891723632812500e-02
-7.900828123092651367187500000000e-02 7.855369150638580322265625000000e-02
1.447659015655517578125000000000e+00 -1.572643518447875976562500000000e+00
1.456477642059326171875000000000e-01 6.373214721679687500000000000000e-02
-3.889197707176208496093750000000e-01 4.076933264732360839843750000000e-01
7.072430849075317382812500000000e-01 -6.767964363098144531250000000000e-01
3.313931822776794433593750000000e-02 -1.487729251384735107421875000000e-01
7.400512695312500000000000000000e-02 -1.441952437162399291992187500000e-01
-2.789568901062011718750000000000e-02 -1.428835391998291015625000000000e-01
6.509293615818023681640625000000e-02 1.175866425037384033203125000000e-01
-9.352509677410125732421875000000e-02 -1.349381804466247558593750000000e-01
6.952953338623046875000000000000e-02 6.051219254732131958007812500000e-02
-9.100665152072906494140625000000e-02 -1.968924701213836669921875000000e-02
1.522980630397796630859375000000e-02 1.778203248977661132812500000000e-02
-8.783330768346786499023437500000e-02 -9.246381372213363647460937500000e-02
4.270412400364875793457031250000e-02 -1.399812996387481689453125000000e-01
8.064673840999603271484375000000e-02 -5.386129021644592285156250000000e-02
7.293403148651123046875000000000e-02 9.782838076353073120117187500000e-02
5.027664899826049804687500000000e-01 -6.677772402763366699218750000000e-01
1.400147378444671630859375000000e-01 -4.286559764295816421508789062500e-03
3.595307469367980957031250000000e-03 9.208291769027709960937500000000e-03
9.948643296957015991210937500000e-02 1.167797744274139404296875000000e-01
1.519493758678436279296875000000e-01 -5.549280345439910888671875000000e-02
-1.133837364614009857177734375000e-02 -1.474397331476211547851562500000e-01
-7.395548373460769653320312500000e-02 -6.288702785968780517578125000000e-02
-3.945253789424896240234375000000e-02 -2.956492453813552856445312500000e-02
-7.283999025821685791015625000000e-02 -4.262062907218933105468750000000e-02
-1.155537664890289306640625000000e-01 1.068733930587768554687500000000e-01
-7.845421433448791503906250000000e-01 8.256446719169616699218750000000e-01
1.112904846668243408203125000000e-01 -1.378652304410934448242187500000e-01
1.023926138877868652343750000000e-01 -1.107756048440933227539062500000e-01
-9.044158458709716796875000000000e-01 7.556700110435485839843750000000e-01
-1.530344784259796142578125000000e-01 1.504673957824707031250000000000e-01
-3.094832003116607666015625000000e-01 2.755557596683502197265625000000e-01
-6.230407208204269409179687500000e-02 -1.500049419701099395751953125000e-02
3.098535537719726562500000000000e-02 -3.331004828214645385742187500000e-02
7.520666718482971191406250000000e-02 5.980677902698516845703125000000e-02
4.175617396831512451171875000000e-01 -6.140556335449218750000000000000e-01
1.886205747723579406738281250000e-02 1.396012306213378906250000000000e-02
-9.929481893777847290039062500000e-03 -8.180711301974952220916748046875e-04
6.083030998706817626953125000000e-02 1.327677667140960693359375000000e-01
-1.505078673362731933593750000000e-01 8.054478466510772705078125000000e-02
-4.185194149613380432128906250000e-02 -7.986655086278915405273437500000e-02
-1.070742487907409667968750000000e+00 8.891298770904541015625000000000e-01
6.242534518241882324218750000000e-02 -1.375042200088500976562500000000e-01
-5.352552980184555053710937500000e-02 -4.849569126963615417480468750000e-02
-1.376178264617919921875000000000e-01 -9.082794934511184692382812500000e-02
-8.101992309093475341796875000000e-02 -1.291415840387344360351562500000e-01
-1.334854811429977416992187500000e-01 -1.491991430521011352539062500000e-01
-7.117223739624023437500000000000e-02 -1.392102539539337158203125000000e-01
-2.265517860651016235351562500000e-01 7.146895676851272583007812500000e-02
7.710832357406616210937500000000e-02 1.198709607124328613281250000000e-01
3.891018778085708618164062500000e-02 4.595794901251792907714843750000e-02
-6.234427914023399353027343750000e-02 -2.904327027499675750732421875000e-02
1.490343213081359863281250000000e-01 9.811449050903320312500000000000e-02
-1.353032588958740234375000000000e-01 4.217850044369697570800781250000e-02
-1.066953092813491821289062500000e-01 1.454975605010986328125000000000e-01
-3.447404876351356506347656250000e-02 8.486227691173553466796875000000e-02
2.540222108364105224609375000000e-01 -3.830360472202301025390625000000e-01
6.521230936050415039062500000000e-02 -2.411174029111862182617187500000e-01
-5.287260934710502624511718750000e-02 -5.175429955124855041503906250000e-02
8.704859763383865356445312500000e-02 1.310879737138748168945312500000e-01
2.013004943728446960449218750000e-02 -4.069928824901580810546875000000e-02
5.688731670379638671875000000000e-01 -3.495631515979766845703125000000e-01
3.425689786672592163085937500000e-02 -1.195475310087203979492187500000e-01
3.631998598575592041015625000000e-02 -4.951924085617065429687500000000e-03
8.298520743846893310546875000000e-02 -1.065129339694976806640625000000e-01
1.772172570228576660156250000000e+00 -1.617874264717102050781250000000e+00
7.588356267660856246948242187500e-03 2.134931646287441253662109375000e-02
4.661662876605987548828125000000e-01 -2.844732105731964111328125000000e-01
-8.701602369546890258789062500000e-02 6.736242026090621948242187500000e-02
-2.066420763731002807617187500000e-02 5.270809400826692581176757812500e-03
1.298103094100952148437500000000e+00 -1.519343137741088867187500000000e+00
-6.950272619724273681640625000000e-02 -7.278688997030258178710937500000e-02
-7.399795204401016235351562500000e-02 -1.004071086645126342773437500000e-01
1.225325390696525573730468750000e-01 1.113770529627799987792968750000e-01
9.442831389605998992919921875000e-03 -4.758418723940849304199218750000e-02
-2.919526956975460052490234375000e-02 -8.206238597631454467773437500000e-02
-8.970187604427337646484375000000e-02 -1.492478847503662109375000000000e-01
-1.523542255163192749023437500000e-01 3.598262369632720947265625000000e-02
-5.621299147605895996093750000000e-02 1.109291911125183105468750000000e-01
3.303676471114158630371093750000e-02 8.238592743873596191406250000000e-02
-1.715541630983352661132812500000e-02 5.488036666065454483032226562500e-03
1.865657120943069458007812500000e-01 -7.304680347442626953125000000000e-02
-6.046606600284576416015625000000e-02 -7.083746790885925292968750000000e-02
-6.408294290304183959960937500000e-02 4.664506018161773681640625000000e-02
-5.265980362892150878906250000000e-01 5.240607261657714843750000000000e-01
-1.076717823743820190429687500000e-01 -1.339114159345626831054687500000e-01
-4.086327552795410156250000000000e-02 2.857749164104461669921875000000e-02
6.272952258586883544921875000000e-02 7.370018959045410156250000000000e-02
3.648442775011062622070312500000e-02 3.366779536008834838867187500000e-02
-4.537580162286758422851562500000e-02 -4.039752483367919921875000000000e-02
-2.004906348884105682373046875000e-02 -1.363255381584167480468750000000e-01
5.726053565740585327148437500000e-02 6.552326679229736328125000000000e-02
-5.153105035424232482910156250000e-02 -8.764443546533584594726562500000e-02
-6.525197625160217285156250000000e-02 -8.952914923429489135742187500000e-02
1.585567593574523925781250000000e+00 -1.371793270111083984375000000000e+00
6.266712546348571777343750000000e-01 -5.487405061721801757812500000000e-01
-1.358744800090789794921875000000e-01 -5.528505146503448486328125000000e-02
4.929784312844276428222656250000e-02 -1.479771733283996582031250000000e-02
1.344426751136779785156250000000e+00 -1.616033673286437988281250000000e+00
3.312020003795623779296875000000e-02 -7.614133879542350769042968750000e-03
-8.453909754753112792968750000000e-01 1.107426762580871582031250000000e+00
-1.145075321197509765625000000000e+00 9.919441938400268554687500000000e-01
-6.899660080671310424804687500000e-02 1.898066699504852294921875000000e-02
6.358239054679870605468750000000e-02 6.927768886089324951171875000000e-02
-6.980058550834655761718750000000e-02 1.415246427059173583984375000000e-01
-2.262973785400390625000000000000e-02 -5.637373775243759155273437500000e-02
3.930501639842987060546875000000e-02 1.400069594383239746093750000000e-01
9.826868772506713867187500000000e-01 -8.947762846946716308593750000000e-01
3.805302083492279052734375000000e-02 5.248805880546569824218750000000e-02
4.336096346378326416015625000000e-02 -8.322688937187194824218750000000e-02
5.580799281597137451171875000000e-02 7.648672908544540405273437500000e-02
2.792383909225463867187500000000e+00 -2.560556411743164062500000000000e+00
1.092310667037963867187500000000e+00 -1.042941451072692871093750000000e+00
-1.193368658423423767089843750000e-01 -1.249587610363960266113281250000e-01
6.015345826745033264160156250000e-02 7.522708922624588012695312500000e-02
2.158093214035034179687500000000e+00 -2.325237751007080078125000000000e+00
-8.750056475400924682617187500000e-02 1.308596730232238769531250000000e-01
1.094800885766744613647460937500e-02 3.198294714093208312988281250000e-02
-1.230175375938415527343750000000e+00 1.228133082389831542968750000000e+00
-4.148438572883605957031250000000e-02 -1.514813303947448730468750000000e-01
-2.753186784684658050537109375000e-02 -8.088107407093048095703125000000e-02
7.772825956344604492187500000000e-01 -7.895346283912658691406250000000e-01
-9.344512969255447387695312500000e-02 1.975607313215732574462890625000e-02
-1.415402740240097045898437500000e-01 1.312189698219299316406250000000e-01
-5.610213428735733032226562500000e-02 6.381398439407348632812500000000e-02
-1.183985248208045959472656250000e-01 -7.174996286630630493164062500000e-02
7.053737342357635498046875000000e-02 1.512770354747772216796875000000e-01
-3.026055544614791870117187500000e-02 -7.335685938596725463867187500000e-02
7.984670996665954589843750000000e-02 2.713172137737274169921875000000e-02
